(0.10473, 0.21239, 0.73650)
(0.10487, 0.21208, 0.73643)
(0.10813, 0.20799, 0.73915)
(0.10811, 0.20790, 0.73905)
(0.10811, 0.20790, 0.73905)
(0.10811, 0.20790, 0.73905)
(0.11015, 0.20592, 0.74562)
(0.11158, 0.20878, 0.75562)
(0.11188, 0.21062, 0.76147)
(0.11187, 0.21062, 0.76150)
(0.10733, 0.20791, 0.76180)
(0.09341, 0.19583, 0.76891)
(0.08447, 0.19125, 0.75679)
(0.09035, 0.19701, 0.76691)
(0.09046, 0.19122, 0.77179)
(0.08996, 0.18944, 0.77678)
(0.08919, 0.20047, 0.79859)
(0.07636, 0.21528, 0.80797)
(0.06370, 0.23502, 0.83100)
(0.05119, 0.25360, 0.84141)
(0.03461, 0.26105, 0.86196)
(0.01528, 0.26952, 0.88413)
(-0.00596, 0.28529, 0.90889)
(-0.02231, 0.30132, 0.93021)
(-0.03074, 0.32764, 0.94538)
(-0.04429, 0.35132, 0.96564)
(-0.05325, 0.37492, 0.98155)
(-0.06646, 0.40381, 0.99271)
(-0.08547, 0.43060, 1.02479)
(-0.10928, 0.46534, 1.06438)
(-0.14250, 0.47962, 1.10513)
(-0.15023, 0.47202, 1.12520)
(-0.16370, 0.48208, 1.15131)
(-0.20028, 0.54437, 1.23003)
(-0.21558, 0.55828, 1.23361)
(-0.23319, 0.57466, 1.25795)
(-0.23400, 0.53380, 1.23387)
(-0.24834, 0.56378, 1.29853)
(-0.24264, 0.55985, 1.32100)
(-0.24778, 0.55594, 1.33926)
(-0.26666, 0.55211, 1.32392)
(-0.31064, 0.57231, 1.39327)
(-0.28461, 0.56133, 1.33360)
(-0.27615, 0.58746, 1.39492)
(-0.28470, 0.58616, 1.41219)
(-0.31379, 0.55282, 1.41124)
(-0.31332, 0.55218, 1.41645)
(-0.31884, 0.55078, 1.44930)
(-0.33362, 0.54067, 1.44406)
(-0.33822, 0.53296, 1.44945)
(-0.36734, 0.55525, 1.46743)
(-0.37656, 0.56105, 1.49552)
(-0.38775, 0.55342, 1.49155)
(-0.38960, 0.53272, 1.51615)
(-0.39455, 0.50865, 1.51552)
(-0.40275, 0.47803, 1.52587)
(-0.40763, 0.46566, 1.52749)
(-0.40772, 0.44056, 1.52377)
(-0.40737, 0.40690, 1.51739)
(-0.40709, 0.40541, 1.51755)
(-0.40885, 0.36698, 1.51752)
(-0.41009, 0.32801, 1.53261)
(-0.39559, 0.32092, 1.54264)
(-0.39174, 0.29405, 1.55612)
(-0.39027, 0.28181, 1.57056)
(-0.39558, 0.24146, 1.59975)
(-0.39943, 0.21532, 1.62648)
(-0.40533, 0.20272, 1.64703)
(-0.42070, 0.19093, 1.68524)
(-0.42387, 0.18490, 1.70382)
(-0.43952, 0.16197, 1.73710)
(-0.43910, 0.15758, 1.75157)
(-0.44035, 0.16257, 1.78406)
(-0.47408, 0.17564, 1.84469)
(-0.48504, 0.18007, 1.87862)
(-0.49390, 0.19152, 1.91298)
(-0.50552, 0.19545, 1.93397)
(-0.50206, 0.20615, 1.95085)
(-0.49904, 0.21096, 1.97987)
(-0.50880, 0.23230, 2.00554)
(-0.51112, 0.24098, 2.02777)
(-0.51898, 0.25317, 2.05436)
(-0.52238, 0.25617, 2.07097)
(-0.53754, 0.25795, 2.09726)
(-0.54302, 0.25926, 2.11588)
(-0.54887, 0.25873, 2.13119)
(-0.55215, 0.26471, 2.15010)
(-0.55342, 0.26882, 2.16389)
(-0.55232, 0.26915, 2.16730)
(-0.54494, 0.27662, 2.20287)
(-0.54061, 0.27611, 2.21543)
(-0.53746, 0.27467, 2.22527)
(-0.53745, 0.27430, 2.23608)
(-0.53655, 0.27422, 2.24494)
(-0.53941, 0.27540, 2.25190)
(-0.53897, 0.27623, 2.25855)
(-0.53541, 0.27618, 2.26474)
(-0.53897, 0.28224, 2.27407)
(-0.54239, 0.28391, 2.27893)
(-0.54236, 0.28389, 2.27894)
(-0.54174, 0.28577, 2.28247)
(-0.53730, 0.28450, 2.28450)
(-0.53976, 0.28140, 2.29564)
(-0.53817, 0.28164, 2.29582)
(-0.53610, 0.28017, 2.29109)
(-0.53787, 0.28303, 2.29653)
(-0.53987, 0.28431, 2.29954)
(-0.54015, 0.28496, 2.30429)
(-0.54215, 0.28409, 2.30705)
(-0.54196, 0.28478, 2.30684)
(-0.53726, 0.28557, 2.30928)
(-0.53973, 0.28472, 2.30818)
(-0.54022, 0.28482, 2.30761)
(-0.53704, 0.28356, 2.30605)
(-0.53649, 0.28389, 2.30673)
(-0.53626, 0.28223, 2.30469)
(-0.53203, 0.28239, 2.30502)
(-0.53196, 0.28073, 2.30245)
(-0.52781, 0.27935, 2.30270)
(-0.52596, 0.28167, 2.30259)
(-0.52664, 0.28271, 2.30154)
(-0.52363, 0.28503, 2.30413)
(-0.52185, 0.28522, 2.30269)
(-0.52188, 0.28519, 2.30269)
(-0.52220, 0.28397, 2.30355)
(-0.51868, 0.28432, 2.30708)
(-0.52185, 0.28348, 2.30335)
(-0.52184, 0.28307, 2.30597)
(-0.52245, 0.28134, 2.30534)
(-0.52245, 0.28134, 2.30534)
(-0.52082, 0.28478, 2.30834)
(-0.52183, 0.28256, 2.30834)
(-0.52183, 0.28256, 2.30835)
(-0.51951, 0.28290, 2.30493)
(-0.51955, 0.28289, 2.30492)
(-0.51885, 0.28379, 2.30823)
(-0.51878, 0.28128, 2.30869)
(-0.51850, 0.28126, 2.30495)
(-0.51839, 0.28327, 2.30755)
(-0.51835, 0.28114, 2.30741)
(-0.51835, 0.28114, 2.30742)
(-0.51835, 0.28114, 2.30742)
(-0.51459, 0.28185, 2.31075)
(-0.51460, 0.28185, 2.31075)
(-0.51463, 0.28186, 2.31012)
(-0.51463, 0.28186, 2.31012)
(-0.51612, 0.28227, 2.31054)
(-0.51638, 0.28188, 2.31270)
(-0.51638, 0.28188, 2.31270)
(-0.51684, 0.28140, 2.31233)
(-0.51531, 0.28412, 2.31318)
(-0.51639, 0.28077, 2.31013)
(-0.51579, 0.28141, 2.31183)
(-0.51522, 0.28275, 2.31207)
(-0.51538, 0.28219, 2.31136)
(-0.51438, 0.28310, 2.30962)
(-0.51483, 0.28152, 2.30871)
(-0.51517, 0.28076, 2.30885)
(-0.51543, 0.28076, 2.30893)
(-0.51547, 0.28180, 2.30978)
(-0.51596, 0.28290, 2.31080)
(-0.51621, 0.28140, 2.31017)
(-0.51631, 0.28136, 2.31020)
(-0.51678, 0.28154, 2.31369)
(-0.51535, 0.27933, 2.31228)
(-0.51427, 0.28341, 2.31185)
(-0.51427, 0.28339, 2.31183)
(-0.51397, 0.28056, 2.30561)
(-0.51499, 0.27953, 2.30348)
(-0.51329, 0.27775, 2.29634)
(-0.51004, 0.27928, 2.28902)
(-0.50913, 0.27747, 2.27887)
(-0.50574, 0.27749, 2.26942)
(-0.50595, 0.27756, 2.26807)
(-0.50091, 0.27578, 2.23974)
(-0.49720, 0.28046, 2.22268)
(-0.49824, 0.28043, 2.20562)
(-0.48809, 0.27895, 2.18798)
(-0.48252, 0.27753, 2.17374)
(-0.47628, 0.27471, 2.14863)
(-0.47183, 0.27333, 2.13143)
(-0.46812, 0.27074, 2.11361)
(-0.46440, 0.26627, 2.08960)
(-0.46063, 0.26141, 2.07033)
(-0.45520, 0.25706, 2.04473)
(-0.44929, 0.25207, 2.02078)
(-0.44615, 0.24223, 1.99960)
(-0.43789, 0.23519, 1.97654)
(-0.43570, 0.22645, 1.95700)
(-0.43031, 0.21677, 1.94243)
(-0.42785, 0.21380, 1.93520)
(-0.42147, 0.20792, 1.91477)
(-0.42028, 0.20663, 1.91186)
(-0.42026, 0.20661, 1.91182)
(-0.42021, 0.20652, 1.91169)
(-0.41474, 0.18635, 1.88487)
(-0.41432, 0.18588, 1.88317)
(-0.41433, 0.18405, 1.87857)
(-0.41548, 0.17640, 1.85663)
(-0.41529, 0.17619, 1.85633)
(-0.41440, 0.17161, 1.84977)
(-0.41389, 0.17133, 1.84909)
(-0.41134, 0.16908, 1.84885)
(-0.41149, 0.17037, 1.84762)
(-0.41148, 0.17032, 1.84760)
(-0.41148, 0.17032, 1.84760)
(-0.40994, 0.16876, 1.84581)
(-0.41002, 0.16888, 1.84598)
(-0.41051, 0.16777, 1.84742)
(-0.41049, 0.16776, 1.84742)
(-0.41049, 0.16776, 1.84742)
(-0.41049, 0.16776, 1.84742)
(-0.41051, 0.16758, 1.84745)
(-0.41083, 0.17104, 1.85018)
(-0.41083, 0.17105, 1.85018)
(-0.40982, 0.17174, 1.85160)
(-0.41196, 0.16985, 1.84879)
(-0.41200, 0.16859, 1.84842)
(-0.41156, 0.16849, 1.84866)
(-0.41189, 0.17142, 1.85096)
(-0.41152, 0.17062, 1.85067)
(-0.41165, 0.17062, 1.85067)
(-0.41214, 0.16952, 1.84964)
(-0.41495, 0.17473, 1.85656)
(-0.41338, 0.17384, 1.85376)
(-0.41574, 0.17482, 1.85631)
(-0.41403, 0.17465, 1.85526)
(-0.41407, 0.17485, 1.85560)
(-0.41408, 0.17495, 1.85572)
(-0.41679, 0.17761, 1.86190)
(-0.41613, 0.18362, 1.86522)
(-0.41632, 0.18522, 1.86814)
(-0.41818, 0.19085, 1.87783)
(-0.41742, 0.19645, 1.88190)
(-0.41780, 0.19967, 1.88609)
(-0.42201, 0.20626, 1.89772)
(-0.42540, 0.21127, 1.90290)
(-0.42724, 0.21513, 1.91200)
(-0.43001, 0.22000, 1.92475)
(-0.43508, 0.22458, 1.94152)
(-0.43851, 0.23022, 1.95611)
(-0.43771, 0.23714, 1.96619)
(-0.43960, 0.24650, 1.98391)
(-0.44554, 0.25116, 2.00301)
(-0.45083, 0.25589, 2.02238)
(-0.45585, 0.26009, 2.04162)
(-0.45874, 0.26777, 2.06364)
(-0.46549, 0.27089, 2.08055)
(-0.47087, 0.27884, 2.10491)
(-0.47205, 0.28024, 2.12490)
(-0.47582, 0.28139, 2.14423)
(-0.48021, 0.28842, 2.16430)
(-0.48369, 0.29065, 2.18190)
(-0.48879, 0.29055, 2.19811)
(-0.49268, 0.29024, 2.21483)
(-0.49498, 0.28871, 2.22410)
(-0.50166, 0.28404, 2.23795)
(-0.50141, 0.28355, 2.25023)
(-0.50962, 0.28221, 2.26157)
(-0.50712, 0.27924, 2.26399)
(-0.51034, 0.28027, 2.27638)
(-0.51153, 0.27947, 2.28031)
(-0.51385, 0.27964, 2.28925)
(-0.51684, 0.27881, 2.29568)
(-0.51713, 0.27727, 2.30102)
(-0.51900, 0.27765, 2.31024)
(-0.52095, 0.27670, 2.30876)
(-0.52088, 0.27668, 2.30875)
(-0.52088, 0.27668, 2.30875)
(-0.51882, 0.27778, 2.31448)
(-0.52024, 0.27768, 2.31370)
(-0.52302, 0.27771, 2.31510)
(-0.52307, 0.27771, 2.31585)
(-0.52307, 0.27771, 2.31585)
(-0.52076, 0.27927, 2.31655)
(-0.51869, 0.27796, 2.31435)
(-0.52044, 0.27757, 2.32216)
(-0.52043, 0.27758, 2.32213)
(-0.52036, 0.27769, 2.32179)
(-0.52036, 0.27769, 2.32179)
(-0.52036, 0.27770, 2.32177)
(-0.51812, 0.27715, 2.31330)
(-0.52063, 0.27812, 2.31460)
(-0.52064, 0.27812, 2.31459)
(-0.52063, 0.27812, 2.31459)
(-0.52063, 0.27812, 2.31459)
(-0.51624, 0.28091, 2.31287)
(-0.51783, 0.27975, 2.31291)
(-0.51650, 0.27744, 2.31074)
(-0.51616, 0.27752, 2.31079)
(-0.51038, 0.28075, 2.31065)
(-0.51037, 0.28075, 2.31065)
(-0.49986, 0.28026, 2.31206)
(-0.49430, 0.27923, 2.31238)
(-0.48603, 0.28189, 2.31787)
(-0.48423, 0.28215, 2.31745)
(-0.47253, 0.28230, 2.31576)
(-0.46739, 0.27723, 2.31724)
(-0.46207, 0.28474, 2.31955)
(-0.45315, 0.27935, 2.31567)
(-0.45063, 0.27925, 2.31373)
(-0.43694, 0.27942, 2.30728)
(-0.42934, 0.27788, 2.30750)
(-0.42455, 0.28309, 2.30948)
(-0.41836, 0.28611, 2.30860)
(-0.41486, 0.28559, 2.30789)
(-0.41335, 0.28665, 2.31175)
(-0.41556, 0.28021, 2.31326)
(-0.41444, 0.28147, 2.30970)
(-0.41409, 0.28044, 2.30807)
(-0.41315, 0.28042, 2.30797)
(-0.41314, 0.28042, 2.30798)
(-0.40611, 0.28087, 2.30488)
(-0.40115, 0.27921, 2.30408)
(-0.39783, 0.27832, 2.30307)
(-0.39866, 0.27750, 2.30460)
(-0.39680, 0.27801, 2.30859)
(-0.39281, 0.27863, 2.31081)
(-0.39246, 0.27843, 2.31053)
(-0.39209, 0.27810, 2.31034)
(-0.39208, 0.27809, 2.31034)
(-0.39182, 0.27794, 2.31039)
(-0.39179, 0.27793, 2.31037)
(-0.38858, 0.27349, 2.30443)
(-0.38858, 0.27349, 2.30443)
(-0.38858, 0.27349, 2.30443)
(-0.38462, 0.27515, 2.30488)
(-0.38462, 0.27515, 2.30488)
(-0.38462, 0.27515, 2.30488)
(-0.38354, 0.27525, 2.30480)
(-0.37694, 0.27951, 2.30528)
(-0.37487, 0.27772, 2.30770)
(-0.37293, 0.27595, 2.30842)
(-0.37274, 0.27598, 2.30826)
(-0.37274, 0.27598, 2.30826)
(-0.36773, 0.27902, 2.31687)
(-0.36761, 0.27814, 2.31554)
(-0.36684, 0.27559, 2.31474)
(-0.36856, 0.27662, 2.31344)
(-0.36856, 0.27662, 2.31340)
(-0.36855, 0.27661, 2.31341)
(-0.36868, 0.27573, 2.31143)
(-0.36867, 0.27626, 2.30987)
(-0.36958, 0.28083, 2.31484)
(-0.36990, 0.27901, 2.31386)
(-0.36985, 0.27900, 2.31381)
(-0.36960, 0.27930, 2.31287)
(-0.36950, 0.27717, 2.31081)
(-0.36725, 0.27649, 2.31312)
(-0.36725, 0.27648, 2.31312)
(-0.36725, 0.27648, 2.31312)
(-0.36726, 0.27647, 2.31312)
(-0.36739, 0.27649, 2.31309)
(-0.37665, 0.28553, 2.31825)
(-0.37667, 0.28552, 2.31822)
(-0.38623, 0.28264, 2.31219)
(-0.39142, 0.28300, 2.31109)
(-0.39995, 0.28523, 2.30400)
(-0.40012, 0.28526, 2.30405)
(-0.41147, 0.28513, 2.31104)
(-0.41596, 0.28538, 2.30947)
(-0.42491, 0.28474, 2.29945)
(-0.43108, 0.28593, 2.29920)
(-0.44786, 0.28534, 2.29338)
(-0.46009, 0.29198, 2.30009)
(-0.46520, 0.28596, 2.29567)
(-0.46798, 0.28642, 2.29481)
(-0.47612, 0.28815, 2.28989)
(-0.48070, 0.29011, 2.28782)
(-0.48575, 0.28563, 2.28556)
(-0.49695, 0.28591, 2.28074)
(-0.50261, 0.28587, 2.27840)
(-0.51092, 0.28531, 2.27882)
(-0.51095, 0.28531, 2.27882)
(-0.52475, 0.28099, 2.27974)
(-0.52476, 0.28099, 2.27975)
(-0.53272, 0.28169, 2.28528)
(-0.53560, 0.28038, 2.28365)
(-0.53560, 0.28038, 2.28365)
(-0.53772, 0.28035, 2.28568)
(-0.53767, 0.28034, 2.28567)
(-0.53685, 0.27962, 2.28372)
(-0.53371, 0.28011, 2.28737)
(-0.53334, 0.28058, 2.28738)
(-0.53348, 0.27983, 2.28793)
(-0.53382, 0.27989, 2.28712)
(-0.52994, 0.28148, 2.28503)
(-0.53068, 0.27952, 2.28906)
(-0.52864, 0.27908, 2.28421)
(-0.52864, 0.27908, 2.28421)
(-0.53274, 0.27945, 2.27651)
(-0.53293, 0.27907, 2.27751)
(-0.53294, 0.27907, 2.27750)
(-0.53950, 0.27964, 2.27530)
(-0.54687, 0.28083, 2.27718)
(-0.54689, 0.28083, 2.27715)
(-0.55559, 0.28439, 2.27184)
(-0.56235, 0.28008, 2.26570)
(-0.57313, 0.27418, 2.26046)
(-0.58329, 0.27185, 2.25318)
(-0.59379, 0.27042, 2.25338)
(-0.60519, 0.27007, 2.25125)
(-0.63079, 0.27581, 2.25636)
(-0.64437, 0.27062, 2.24955)
(-0.65557, 0.26343, 2.24239)
(-0.66812, 0.25998, 2.24258)
(-0.68655, 0.26030, 2.25087)
(-0.69761, 0.26011, 2.25055)
(-0.71199, 0.25702, 2.25169)
(-0.71771, 0.25225, 2.24627)
(-0.72871, 0.24715, 2.24600)
(-0.73422, 0.24244, 2.24585)
(-0.74158, 0.24039, 2.24879)
(-0.74508, 0.23886, 2.24686)
(-0.74833, 0.23586, 2.24629)
(-0.75158, 0.23325, 2.24433)
(-0.75827, 0.23526, 2.24966)
(-0.75966, 0.23467, 2.25302)
(-0.76011, 0.23434, 2.25048)
(-0.75915, 0.23278, 2.24901)
(-0.76401, 0.23338, 2.25229)
(-0.76355, 0.23166, 2.25214)
(-0.76144, 0.23189, 2.25220)
(-0.76116, 0.22971, 2.24696)
(-0.76423, 0.23303, 2.25114)
(-0.76115, 0.23609, 2.25520)
(-0.76107, 0.23524, 2.25547)
(-0.76088, 0.23596, 2.25491)
(-0.76107, 0.23652, 2.25335)
(-0.75952, 0.23643, 2.25309)
(-0.75886, 0.23587, 2.25231)
(-0.75993, 0.23259, 2.25186)
(-0.75941, 0.23264, 2.25137)
(-0.76086, 0.23123, 2.25266)
(-0.76085, 0.23123, 2.25265)
(-0.76098, 0.23641, 2.25623)
(-0.76193, 0.23629, 2.25662)
(-0.75991, 0.23587, 2.25583)
(-0.75967, 0.23589, 2.25558)
(-0.76166, 0.23347, 2.25153)
(-0.76079, 0.23241, 2.25317)
(-0.76057, 0.22828, 2.25202)
(-0.76030, 0.22742, 2.25414)
(-0.76346, 0.23089, 2.25362)
(-0.76039, 0.23109, 2.25315)
(-0.76096, 0.22994, 2.24966)
(-0.76080, 0.22996, 2.24970)
(-0.76129, 0.23278, 2.25362)
(-0.76118, 0.23273, 2.25354)
(-0.76177, 0.23213, 2.25419)
(-0.76105, 0.23766, 2.25845)
(-0.76064, 0.23244, 2.25501)
(-0.76074, 0.23460, 2.25403)
(-0.76154, 0.23097, 2.25338)
(-0.76321, 0.22961, 2.25313)
(-0.76319, 0.22961, 2.25312)
(-0.76090, 0.23281, 2.25351)
(-0.76496, 0.23323, 2.25612)
(-0.76134, 0.23343, 2.25466)
(-0.76134, 0.23343, 2.25466)
(-0.76131, 0.23344, 2.25462)
(-0.76393, 0.23192, 2.25438)
(-0.76260, 0.22974, 2.25468)
(-0.76193, 0.22867, 2.25047)
(-0.76335, 0.22753, 2.25193)
(-0.76291, 0.22822, 2.25491)
(-0.76147, 0.22758, 2.24997)
(-0.76062, 0.22846, 2.24998)
(-0.76024, 0.22757, 2.25016)
(-0.75522, 0.22714, 2.24639)
(-0.75107, 0.22786, 2.24911)
(-0.74548, 0.23177, 2.24986)
(-0.74046, 0.23325, 2.24725)
(-0.74043, 0.23327, 2.24725)
(-0.72814, 0.24153, 2.24726)
(-0.71947, 0.24963, 2.24586)
(-0.71396, 0.25454, 2.24525)
(-0.70331, 0.25733, 2.25197)
(-0.68680, 0.26711, 2.25055)
(-0.67200, 0.26468, 2.23961)
(-0.65566, 0.26317, 2.23691)
(-0.64529, 0.27007, 2.23848)
(-0.62796, 0.27556, 2.24161)
(-0.61626, 0.27858, 2.24059)
(-0.60517, 0.27718, 2.23907)
(-0.59996, 0.27866, 2.23698)
(-0.57719, 0.27723, 2.23448)
(-0.56774, 0.28013, 2.23640)
(-0.55827, 0.28375, 2.24092)
(-0.55295, 0.28430, 2.24272)
(-0.54653, 0.28450, 2.24247)
(-0.54202, 0.28288, 2.24519)
(-0.53690, 0.28074, 2.24353)
(-0.53425, 0.28045, 2.24132)
(-0.53116, 0.28054, 2.24239)
(-0.52066, 0.27714, 2.24271)
(-0.51948, 0.27713, 2.24334)
(-0.51749, 0.27580, 2.24438)
(-0.51744, 0.27580, 2.24440)
(-0.51744, 0.27580, 2.24440)
(-0.51744, 0.27580, 2.24440)
(-0.51574, 0.27533, 2.24632)
(-0.51299, 0.27552, 2.24858)
(-0.51182, 0.27567, 2.25127)
(-0.51188, 0.27567, 2.25130)
(-0.51188, 0.27567, 2.25130)
(-0.51307, 0.27529, 2.25248)
(-0.51200, 0.27471, 2.25807)
(-0.51323, 0.27577, 2.25533)
(-0.51381, 0.27600, 2.25235)
(-0.51388, 0.27508, 2.25371)
(-0.51365, 0.27485, 2.25882)
(-0.51464, 0.27752, 2.26638)
(-0.51227, 0.27810, 2.26961)
(-0.51373, 0.27816, 2.27850)
(-0.51464, 0.27906, 2.28522)
(-0.51906, 0.28076, 2.29405)
(-0.52364, 0.28052, 2.30423)
(-0.52561, 0.28001, 2.31239)
(-0.53091, 0.27763, 2.32672)
(-0.52900, 0.27728, 2.33625)
(-0.53561, 0.27598, 2.34749)
(-0.53784, 0.27507, 2.35459)
(-0.54200, 0.27380, 2.35907)
(-0.54501, 0.27101, 2.36973)
(-0.54492, 0.26955, 2.36793)
(-0.54465, 0.26716, 2.36939)
(-0.54664, 0.26227, 2.37468)
(-0.54663, 0.26228, 2.37465)
(-0.54656, 0.26229, 2.37459)
(-0.54281, 0.26124, 2.37826)
(-0.54355, 0.25923, 2.38468)
(-0.54345, 0.26006, 2.38379)
(-0.54346, 0.26006, 2.38379)
(-0.54539, 0.26009, 2.38651)
(-0.54399, 0.25986, 2.38727)
(-0.54358, 0.26018, 2.38563)
(-0.54362, 0.26019, 2.38555)
(-0.54555, 0.26126, 2.38643)
(-0.54427, 0.26078, 2.38655)
(-0.54438, 0.26078, 2.38643)
(-0.54438, 0.26079, 2.38643)
(-0.54536, 0.26060, 2.38714)
(-0.54584, 0.26039, 2.38617)
(-0.54363, 0.26019, 2.38918)
(-0.54539, 0.26141, 2.38581)
(-0.54498, 0.26142, 2.38595)
(-0.54552, 0.26172, 2.38806)
(-0.54585, 0.26122, 2.38852)
(-0.54672, 0.26191, 2.38686)
(-0.54648, 0.26279, 2.38891)
(-0.54553, 0.26239, 2.38974)
(-0.54359, 0.26093, 2.38428)
(-0.54289, 0.26122, 2.38863)
(-0.54292, 0.26123, 2.38861)
(-0.54358, 0.26114, 2.39081)
(-0.54367, 0.26117, 2.39056)
(-0.54427, 0.26098, 2.39075)
(-0.54589, 0.26323, 2.39317)
(-0.54589, 0.26323, 2.39316)
(-0.54589, 0.26323, 2.39316)
(-0.54601, 0.26320, 2.39270)
(-0.54601, 0.26320, 2.39270)
(-0.54601, 0.26320, 2.39270)
(-0.54601, 0.26320, 2.39270)
(-0.54601, 0.26320, 2.39270)
(-0.54601, 0.26320, 2.39270)
(-0.54601, 0.26320, 2.39270)
(-0.54596, 0.26321, 2.39271)
(-0.54594, 0.26319, 2.39269)
(-0.54594, 0.26319, 2.39269)
(-0.54606, 0.26317, 2.39266)
(-0.54606, 0.26317, 2.39266)
(-0.54606, 0.26316, 2.39266)
(-0.54606, 0.26316, 2.39266)
(-0.54971, 0.26706, 2.39822)
(-0.54683, 0.26373, 2.40157)
(-0.54340, 0.26023, 2.38972)
(-0.54340, 0.26023, 2.38971)
(-0.54340, 0.26023, 2.38971)
(-0.54340, 0.26023, 2.38971)
(-0.54340, 0.26023, 2.38971)
(-0.54340, 0.26023, 2.38971)
(-0.54340, 0.26023, 2.38971)
(-0.54340, 0.26023, 2.38971)
(-0.54340, 0.26023, 2.38971)
(-0.54340, 0.26023, 2.38971)
(-0.54360, 0.27204, 2.35921)
(-0.54360, 0.27204, 2.35921)
(-0.54360, 0.27204, 2.35921)
(-0.53690, 0.27522, 2.33000)
(-0.53498, 0.27788, 2.31144)
(-0.53497, 0.27789, 2.31137)
(-0.52962, 0.27643, 2.28223)
(-0.52959, 0.27646, 2.28205)
(-0.52302, 0.27656, 2.26587)
(-0.52195, 0.27340, 2.25594)
(-0.52195, 0.27340, 2.25593)
(-0.51880, 0.27230, 2.24327)
(-0.51998, 0.27162, 2.23828)
(-0.51997, 0.27163, 2.23825)
(-0.51997, 0.27163, 2.23825)
(-0.51997, 0.27163, 2.23825)
(-0.51844, 0.27095, 2.23695)
(-0.51846, 0.27095, 2.23689)
(-0.51782, 0.27075, 2.23389)
(-0.51782, 0.27075, 2.23389)
(-0.51782, 0.27075, 2.23389)
(-0.51629, 0.26991, 2.23577)
(-0.51629, 0.26991, 2.23577)
(-0.51679, 0.26786, 2.23954)
(-0.51679, 0.26786, 2.23954)
(-0.51679, 0.26786, 2.23954)
(-0.51679, 0.26786, 2.23954)
(-0.51821, 0.27042, 2.24185)
(-0.51865, 0.26955, 2.24128)
(-0.51865, 0.26955, 2.24127)
(-0.51888, 0.27054, 2.24277)
(-0.51889, 0.27054, 2.24277)
(-0.51889, 0.27054, 2.24277)
(-0.51889, 0.27054, 2.24277)
(-0.51889, 0.27054, 2.24277)
(-0.51889, 0.27054, 2.24277)
(-0.51889, 0.27054, 2.24277)
(-0.51889, 0.27054, 2.24277)
(-0.51889, 0.27054, 2.24277)
(-0.51889, 0.27054, 2.24277)
(-0.51889, 0.27054, 2.24277)
(-0.51889, 0.27054, 2.24277)
(-0.51815, 0.27055, 2.24439)
(-0.51815, 0.27055, 2.24439)
(-0.51815, 0.27055, 2.24439)
(-0.51815, 0.27055, 2.24439)
(-0.51815, 0.27055, 2.24439)
(-0.51815, 0.27055, 2.24439)
(-0.51815, 0.27055, 2.24439)
(-0.51815, 0.27055, 2.24439)
(-0.51815, 0.27055, 2.24439)
(-0.51815, 0.27055, 2.24439)
(-0.51815, 0.27055, 2.24439)
(-0.51815, 0.27055, 2.24439)
(-0.51815, 0.27055, 2.24439)
(-0.51815, 0.27055, 2.24439)
(-0.51815, 0.27055, 2.24439)
(-0.51815, 0.27055, 2.24439)
(-0.51815, 0.27055, 2.24439)
(-0.51815, 0.27055, 2.24439)
(-0.51723, 0.26986, 2.24514)
(-0.51520, 0.27058, 2.24701)
(-0.51527, 0.27046, 2.24686)
(-0.51531, 0.27044, 2.24687)
(-0.51531, 0.27044, 2.24687)
(-0.51598, 0.26726, 2.24559)
(-0.51598, 0.26726, 2.24559)
(-0.51598, 0.26726, 2.24559)
(-0.51504, 0.26801, 2.24718)
(-0.51505, 0.26794, 2.24696)
(-0.51505, 0.26794, 2.24695)
(-0.51504, 0.26784, 2.24680)
(-0.51605, 0.27042, 2.24724)
(-0.51592, 0.26931, 2.24757)
(-0.51592, 0.26931, 2.24757)
(-0.51592, 0.26931, 2.24757)
(-0.51592, 0.26931, 2.24757)
(-0.51592, 0.26931, 2.24757)
(-0.51592, 0.26931, 2.24757)
(-0.51592, 0.26931, 2.24757)
(-0.51596, 0.26934, 2.24753)
(-0.51596, 0.26934, 2.24753)
(-0.51596, 0.26934, 2.24753)
(-0.51596, 0.26934, 2.24753)
(-0.51899, 0.26261, 2.25450)
(-0.51801, 0.26735, 2.25175)
(-0.51801, 0.26735, 2.25175)
(-0.51801, 0.26735, 2.25175)
(-0.51801, 0.26735, 2.25175)
(-0.51800, 0.26736, 2.25171)
(-0.51800, 0.26736, 2.25171)
(-0.51800, 0.26736, 2.25171)
(-0.51800, 0.26736, 2.25171)
(-0.51800, 0.26736, 2.25171)
(-0.51800, 0.26736, 2.25171)
(-0.51800, 0.26736, 2.25171)
(-0.51704, 0.27075, 2.25028)
(-0.51704, 0.27074, 2.25027)
(-0.51704, 0.27074, 2.25027)
(-0.51704, 0.27074, 2.25027)
(-0.51860, 0.27087, 2.24784)
(-0.51860, 0.27086, 2.24784)
(-0.51860, 0.27086, 2.24784)
(-0.51857, 0.27018, 2.24767)
(-0.51857, 0.27017, 2.24767)
(-0.51759, 0.26909, 2.25179)
(-0.51618, 0.26946, 2.24851)
(-0.51620, 0.26941, 2.24840)
(-0.51620, 0.26941, 2.24840)
(-0.51620, 0.26941, 2.24840)
(-0.51620, 0.26941, 2.24840)
(-0.51620, 0.26941, 2.24840)
(-0.51727, 0.27108, 2.25111)
(-0.51724, 0.27107, 2.25105)
(-0.51726, 0.27106, 2.25099)
(-0.51726, 0.27106, 2.25098)
(-0.51726, 0.27106, 2.25098)
(-0.51726, 0.27106, 2.25098)
(-0.51726, 0.27106, 2.25098)
(-0.51726, 0.27106, 2.25098)
(-0.51726, 0.27106, 2.25098)
(-0.51726, 0.27106, 2.25098)
(-0.51726, 0.27106, 2.25098)
(-0.51726, 0.27106, 2.25098)
(-0.51726, 0.27106, 2.25098)
(-0.51799, 0.27034, 2.24900)
(-0.51800, 0.27034, 2.24899)
(-0.51738, 0.27031, 2.24879)
(-0.51736, 0.27031, 2.24880)
(-0.51736, 0.27031, 2.24880)
(-0.51736, 0.27031, 2.24880)
(-0.51736, 0.27031, 2.24880)
(-0.51736, 0.27031, 2.24880)
(-0.51736, 0.27031, 2.24880)
(-0.51736, 0.27031, 2.24880)
(-0.51736, 0.27031, 2.24880)
(-0.51736, 0.27031, 2.24880)
(-0.51736, 0.27031, 2.24880)
(-0.51736, 0.27031, 2.24880)
(-0.51736, 0.27031, 2.24880)
(-0.51664, 0.26961, 2.25076)
(-0.51670, 0.26964, 2.25067)
(-0.51720, 0.26934, 2.25157)
(-0.51738, 0.26937, 2.25144)
(-0.51753, 0.26947, 2.25151)
(-0.51753, 0.26947, 2.25151)
(-0.51753, 0.26947, 2.25151)
(-0.51605, 0.26950, 2.24843)
(-0.51592, 0.26936, 2.24801)
(-0.51592, 0.26936, 2.24801)
(-0.51592, 0.26936, 2.24801)
(-0.51592, 0.26936, 2.24801)
(-0.51592, 0.26936, 2.24801)
(-0.51592, 0.26936, 2.24801)
(-0.51595, 0.26938, 2.24808)
(-0.51595, 0.26938, 2.24808)
(-0.51595, 0.26938, 2.24808)
(-0.51595, 0.26938, 2.24808)
(-0.51590, 0.26935, 2.24812)
(-0.51590, 0.26935, 2.24812)
(-0.51590, 0.26935, 2.24812)
(-0.51590, 0.26935, 2.24812)
(-0.51590, 0.26935, 2.24812)
(-0.51596, 0.26930, 2.24820)
(-0.51580, 0.26921, 2.24828)
(-0.51580, 0.26921, 2.24828)
(-0.51580, 0.26921, 2.24827)
(-0.51580, 0.26921, 2.24827)
(-0.51580, 0.26921, 2.24827)
(-0.51587, 0.26918, 2.24822)
(-0.51587, 0.26918, 2.24822)
(-0.51630, 0.26945, 2.25060)
(-0.51633, 0.26946, 2.25057)
(-0.51633, 0.26946, 2.25057)
(-0.51662, 0.26952, 2.25053)
(-0.51662, 0.26952, 2.25053)
(-0.51654, 0.26949, 2.25048)
(-0.51654, 0.26949, 2.25048)
(-0.51654, 0.26949, 2.25048)
(-0.51654, 0.26949, 2.25048)
(-0.51654, 0.26949, 2.25048)
(-0.51654, 0.26949, 2.25048)
(-0.52043, 0.26896, 2.25490)
(-0.51702, 0.26833, 2.25405)
(-0.51702, 0.26833, 2.25405)
(-0.51752, 0.26853, 2.25278)
(-0.51758, 0.26854, 2.25276)
(-0.51628, 0.26913, 2.25028)
(-0.51614, 0.26858, 2.25097)
(-0.51616, 0.26857, 2.25095)
(-0.51618, 0.26857, 2.25093)
(-0.51618, 0.26857, 2.25092)
(-0.51618, 0.26857, 2.25092)
(-0.51911, 0.27083, 2.25187)
(-0.51911, 0.27081, 2.25189)
(-0.51911, 0.27081, 2.25189)
(-0.51911, 0.27081, 2.25189)
(-0.51911, 0.27081, 2.25189)
(-0.51911, 0.27081, 2.25189)
(-0.51911, 0.27081, 2.25189)
(-0.51911, 0.27081, 2.25189)
(-0.51911, 0.27081, 2.25189)
(-0.51928, 0.27088, 2.25181)
(-0.51923, 0.27092, 2.25186)
(-0.51923, 0.27092, 2.25186)
(-0.51923, 0.27092, 2.25186)
(-0.51923, 0.27092, 2.25186)
(-0.51922, 0.27092, 2.25186)
(-0.51922, 0.27092, 2.25186)
(-0.51922, 0.27092, 2.25186)
(-0.51922, 0.27092, 2.25186)
(-0.51922, 0.27092, 2.25186)
(-0.51922, 0.27092, 2.25186)
(-0.51922, 0.27092, 2.25186)
(-0.51614, 0.26806, 2.25115)
(-0.51614, 0.26806, 2.25115)
(-0.51902, 0.27082, 2.25368)
(-0.51735, 0.27052, 2.25330)
(-0.51877, 0.26889, 2.25168)
(-0.51918, 0.26881, 2.24941)
(-0.51744, 0.26904, 2.25051)
(-0.51953, 0.27070, 2.25138)
(-0.51824, 0.26919, 2.24876)
(-0.51680, 0.26853, 2.25156)
(-0.51963, 0.27136, 2.25206)
(-0.51618, 0.26890, 2.24956)
(-0.51618, 0.26891, 2.24955)
(-0.51618, 0.26891, 2.24955)
(-0.51618, 0.26891, 2.24955)
(-0.51616, 0.26892, 2.24956)
(-0.51691, 0.26932, 2.24996)
(-0.51691, 0.26932, 2.24996)
(-0.51691, 0.26932, 2.24996)
(-0.51691, 0.26932, 2.24995)
(-0.51691, 0.26932, 2.24995)
(-0.51691, 0.26932, 2.24995)
(-0.51691, 0.26932, 2.24996)
(-0.51691, 0.26932, 2.24996)
(-0.51691, 0.26932, 2.24996)
(-0.51691, 0.26932, 2.24996)
(-0.51691, 0.26932, 2.24996)
(-0.51691, 0.26932, 2.24995)
(-0.51691, 0.26932, 2.24995)
(-0.51691, 0.26932, 2.24995)
(-0.51691, 0.26932, 2.24995)
(-0.51691, 0.26932, 2.24995)
(-0.51691, 0.26932, 2.24995)
(-0.51691, 0.26932, 2.24995)
(-0.51691, 0.26932, 2.24995)
(-0.51691, 0.26932, 2.24995)
(-0.51691, 0.26932, 2.24995)
(-0.51691, 0.26932, 2.24995)
(-0.51691, 0.26932, 2.24995)
(-0.51691, 0.26932, 2.24995)
(-0.51691, 0.26932, 2.24995)
(-0.51691, 0.26932, 2.24995)
(-0.51847, 0.27032, 2.24817)
(-0.51892, 0.26904, 2.25085)
(-0.51892, 0.26904, 2.25085)
(-0.51892, 0.26904, 2.25085)
(-0.51808, 0.26952, 2.25068)
(-0.51808, 0.26952, 2.25068)
(-0.51949, 0.27121, 2.25169)
(-0.51950, 0.27121, 2.25168)
(-0.51830, 0.27192, 2.25359)
(-0.51830, 0.27192, 2.25358)
(-0.51706, 0.27014, 2.25256)
(-0.51738, 0.27004, 2.25286)
(-0.51758, 0.26991, 2.25252)
(-0.51785, 0.26980, 2.25238)
(-0.51768, 0.26963, 2.25209)
(-0.51768, 0.26963, 2.25209)
(-0.51706, 0.26934, 2.25091)
(-0.51694, 0.26832, 2.24954)
(-0.51696, 0.26828, 2.24949)
(-0.51696, 0.26828, 2.24949)
(-0.51837, 0.26763, 2.24953)
(-0.51833, 0.26763, 2.24954)
(-0.51832, 0.26763, 2.24954)
(-0.51832, 0.26763, 2.24954)
(-0.51832, 0.26763, 2.24954)
(-0.51832, 0.26763, 2.24954)
(-0.51832, 0.26763, 2.24954)
(-0.51832, 0.26763, 2.24954)
(-0.51832, 0.26763, 2.24954)
(-0.51975, 0.27067, 2.25316)
(-0.51973, 0.27067, 2.25315)
(-0.51972, 0.27067, 2.25315)
(-0.51972, 0.27067, 2.25315)
(-0.51953, 0.27031, 2.25246)
(-0.51859, 0.26775, 2.24958)
(-0.51857, 0.26900, 2.25069)
(-0.51857, 0.26900, 2.25069)
(-0.51804, 0.26790, 2.25204)
(-0.51806, 0.26791, 2.25203)
(-0.51806, 0.26791, 2.25203)
(-0.51952, 0.26838, 2.25107)
(-0.51950, 0.26838, 2.25104)
(-0.51914, 0.26852, 2.25143)
(-0.51679, 0.26976, 2.24930)
(-0.51678, 0.26976, 2.24930)
(-0.51679, 0.26976, 2.24930)
(-0.51787, 0.26876, 2.25168)
(-0.51787, 0.26876, 2.25168)
(-0.51860, 0.26892, 2.25144)
(-0.51854, 0.26894, 2.25144)
(-0.51860, 0.26901, 2.25131)
(-0.51859, 0.26901, 2.25130)
(-0.51860, 0.26892, 2.25109)
(-0.51859, 0.26892, 2.25106)
(-0.51878, 0.26904, 2.25139)
(-0.51956, 0.26798, 2.25187)
